-1,0,1,2,3,4,5,6,7,8,9,10,11,12,13,14,15,16,17,18,19,20,21,22,23,24,25,26,27,28,29,30,31,32,33,34,35,36,37,38,39,40,41,42,43,44,45,46,47,48,49,50,51,52,53,54,55
0,0,2975,232,236,545,496,188,478,947,244,12,9369,602,939,2911,66,102,231,175,498,993,461,9384,9470,2720,587,362,178,487,143,270,100,84,178,929,226,149,9491,8720,2562,303,188,176,513,880,9383,9373,595,937,2883,232,176,504,994,124,9389
1,2975,0,220,237,531,463,166,506,891,264,2975,2924,595,917,2937,64,100,233,180,509,962,481,2924,2923,2694,599,342,160,501,133,253,100,79,189,920,223,156,2923,2918,2529,298,188,157,506,873,2918,2921,597,918,2850,236,178,505,970,136,2921
2,232,220,0,236,230,230,181,227,223,244,232,228,214,216,218,66,102,212,189,213,240,230,228,229,208,229,231,173,235,136,231,89,84,172,215,214,159,229,237,206,230,195,166,228,219,237,225,218,218,219,215,188,210,243,127,225
3,236,237,236,0,240,241,181,236,242,246,236,244,237,244,241,59,109,241,190,237,238,235,244,254,232,237,251,169,242,140,241,100,85,182,255,232,161,254,246,234,241,194,164,247,245,246,246,231,243,238,238,189,233,238,133,246
4,545,531,230,240,0,486,180,485,525,260,545,518,525,521,531,55,108,241,181,494,535,477,518,535,535,550,338,159,491,146,273,100,88,191,535,216,165,535,544,526,287,188,167,509,548,544,521,530,525,538,240,181,498,534,138,521
5,496,463,230,241,486,0,182,467,489,266,496,504,491,485,486,62,90,235,185,474,509,455,504,490,488,482,348,157,498,143,269,95,80,186,512,218,156,490,468,495,282,190,176,485,485,468,499,493,486,480,236,186,474,506,125,499
6,188,166,181,181,180,182,0,168,181,177,188,172,177,182,176,66,103,170,183,176,193,178,172,182,175,180,185,132,169,131,171,92,92,183,188,192,161,182,189,175,186,180,167,181,181,189,174,179,180,176,169,184,174,193,134,174
7,478,506,227,236,485,467,168,0,485,247,478,505,502,487,463,62,96,232,184,460,494,452,505,495,490,468,330,170,349,143,267,88,92,189,497,233,158,495,499,479,295,198,167,450,486,499,501,502,485,455,231,185,460,491,118,501
8,947,891,223,242,525,489,181,485,0,247,947,880,612,896,903,63,95,235,187,506,925,484,880,898,920,601,348,161,487,141,272,99,84,192,910,219,157,898,913,921,283,197,174,502,863,913,882,617,901,915,234,186,496,921,128,882
9,244,264,244,246,260,266,177,247,247,0,244,246,257,260,242,67,94,253,185,257,248,247,246,243,260,256,252,170,261,151,248,96,82,188,248,225,149,243,249,250,258,214,168,270,256,249,247,258,257,244,253,186,257,246,136,247
10,12,2975,232,236,545,496,188,478,947,244,0,9369,602,939,2911,66,102,231,175,498,993,461,15163,9470,2720,587,362,178,487,143,270,100,84,178,929,226,149,14840,8720,2562,303,188,176,513,880,14508,9373,595,937,2883,232,176,504,994,124,15180
11,9369,2924,228,244,518,504,172,505,880,246,9369,0,600,881,2894,62,105,235,188,515,985,448,14,9219,2675,596,345,168,500,130,263,93,89,178,948,221,146,9219,8653,2519,282,193,172,498,839,9276,395,594,888,2862,238,189,510,981,122,407
12,602,595,214,237,525,491,177,502,612,257,602,600,0,593,615,64,93,230,179,503,624,460,600,608,626,588,350,149,472,144,259,90,76,186,597,221,154,608,603,614,280,186,168,488,606,603,598,47,593,616,233,180,503,629,128,598
13,939,917,216,244,521,485,182,487,896,260,939,881,593,0,869,66,93,237,170,493,923,453,881,927,875,549,328,160,500,131,267,90,79,188,949,226,169,927,900,876,292,186,164,493,854,900,887,593,52,869,236,171,493,921,141,887
14,2911,2937,218,241,531,486,176,463,903,242,2911,2894,615,869,0,58,94,238,179,481,1003,477,2894,2970,2669,583,346,168,476,127,267,94,78,174,933,219,156,2970,2875,2425,312,175,163,511,816,2875,2897,615,865,2596,242,181,482,1003,137,2897
15,66,64,66,59,55,62,66,62,63,67,66,62,64,66,58,0,62,67,64,68,64,64,62,62,52,63,64,66,60,61,58,59,56,60,69,58,69,62,66,58,63,57,57,66,63,66,61,63,69,59,66,65,66,64,64,61
16,102,100,102,109,108,90,103,96,95,94,102,105,93,93,94,62,0,101,84,99,99,109,105,103,103,95,102,96,91,97,98,93,89,104,100,101,101,103,89,100,96,105,90,94,92,89,103,91,96,96,101,83,100,100,110,103
17,231,233,212,241,241,235,170,232,235,253,231,235,230,237,238,67,101,0,175,231,244,244,235,254,233,242,247,179,240,134,241,101,82,164,227,228,164,254,238,224,237,174,166,233,252,238,232,234,235,237,14,176,232,243,130,232
18,175,180,189,190,181,185,183,184,187,185,175,188,179,170,179,64,84,175,0,177,179,188,188,184,184,183,183,149,173,126,187,103,86,189,191,194,158,184,178,167,183,165,163,184,181,178,184,172,170,182,176,3,173,180,132,184
19,498,509,213,237,494,474,176,460,506,257,498,515,503,493,481,68,99,231,177,0,509,470,515,517,489,500,342,165,481,138,268,96,80,180,527,223,167,517,509,490,286,192,173,480,493,509,516,502,488,495,233,178,37,506,139,516
20,993,962,240,238,535,509,193,494,925,248,993,985,624,923,1003,64,99,244,179,509,0,479,985,984,991,633,349,173,516,131,264,101,91,180,942,221,160,984,1031,987,323,197,174,511,872,1031,989,619,927,1007,240,179,503,48,141,989
21,461,481,230,235,477,455,178,452,484,247,461,448,460,453,477,64,109,244,188,470,479,0,448,472,488,463,339,158,458,142,268,98,81,198,474,208,156,472,456,468,315,196,171,467,456,456,451,455,457,468,245,189,471,475,6,451
22,9384,2924,228,244,518,504,172,505,880,246,15163,14,600,881,2894,62,105,235,188,515,985,448,0,9215,2675,596,345,168,500,130,263,93,89,178,948,221,146,14809,8653,2519,282,193,172,498,839,14337,409,594,888,2862,238,189,510,981,122,1571
23,9470,2923,229,254,535,490,182,495,898,243,9470,9219,608,927,2970,62,103,254,184,517,984,472,9215,0,2731,604,348,160,482,141,281,97,85,183,946,216,140,9,8828,2519,299,183,164,493,865,9482,9218,609,924,2931,256,183,521,983,133,9216
24,2720,2694,208,232,535,488,175,490,920,260,2720,2675,626,875,2669,52,103,233,184,489,991,488,2675,2731,0,569,343,170,477,130,274,96,79,181,946,230,169,2731,2687,2502,273,184,155,487,825,2687,2667,618,878,2718,231,182,489,1000,139,2667
25,587,599,229,237,550,482,180,468,601,256,587,596,588,549,583,63,95,242,183,500,633,463,596,604,569,0,343,165,504,139,260,93,80,192,597,213,160,604,615,598,267,202,175,522,592,615,601,582,539,584,245,185,499,637,140,601
26,362,342,231,251,338,348,185,330,348,252,362,345,350,328,346,64,102,247,183,342,349,339,345,348,343,343,0,163,347,136,272,96,84,190,369,211,154,348,360,354,298,184,166,332,355,360,346,353,331,344,246,184,343,348,132,346
27,178,160,173,169,159,157,132,170,161,170,178,168,149,160,168,66,96,179,149,165,173,158,168,160,170,165,163,0,165,142,164,94,88,170,174,173,164,160,164,167,172,176,165,168,170,164,172,149,159,170,173,150,166,173,129,172
28,487,501,235,242,491,498,169,349,487,261,487,500,472,500,476,60,91,240,173,481,516,458,500,482,477,504,347,165,0,147,281,90,94,201,527,213,150,482,489,490,297,179,163,446,506,489,497,471,500,487,240,172,479,511,127,497
29,143,133,136,140,146,143,131,143,141,151,143,130,144,131,127,61,97,134,126,138,131,142,130,141,130,139,136,142,147,0,140,94,75,135,133,146,141,141,142,131,138,142,133,138,133,142,131,141,130,131,130,126,137,132,136,131
30,270,253,231,241,273,269,171,267,272,248,270,263,259,267,267,58,98,241,187,268,264,268,263,281,274,260,272,164,281,140,0,98,68,182,276,214,159,281,280,266,263,192,177,264,258,280,264,262,264,267,245,189,267,268,137,264
31,100,100,89,100,100,95,92,88,99,96,100,93,90,90,94,59,93,101,103,96,101,98,93,97,96,93,96,94,90,94,98,0,85,99,108,100,107,97,103,96,95,100,88,90,94,103,96,88,93,95,98,103,97,101,98,96
32,84,79,84,85,88,80,92,92,84,82,84,89,76,79,78,56,89,82,86,80,91,81,89,85,79,80,84,88,94,75,68,85,0,75,85,90,94,85,93,84,93,87,88,80,87,93,89,78,77,81,82,86,78,92,82,89
33,178,189,172,182,191,186,183,189,192,188,178,178,186,188,174,60,104,164,189,180,180,198,178,183,181,192,190,170,201,135,182,99,75,0,188,190,168,183,176,194,182,184,165,172,187,176,178,185,184,177,164,189,178,182,136,178
34,929,920,215,255,535,512,188,497,910,248,929,948,597,949,933,69,100,227,191,527,942,474,948,946,946,597,369,174,527,133,276,108,85,188,0,225,158,946,941,942,295,202,179,514,869,941,959,595,947,954,228,193,525,942,141,959
35,226,223,214,232,216,218,192,233,219,225,226,221,221,226,219,58,101,228,194,223,221,208,221,216,230,213,211,173,213,146,214,100,90,190,225,0,152,216,228,239,220,195,166,224,222,228,223,225,225,221,233,194,223,221,128,223
36,149,156,159,161,165,156,161,158,157,149,149,146,154,169,156,69,101,164,158,167,160,156,146,140,169,160,154,164,150,141,159,107,94,168,158,152,0,140,157,165,151,151,171,157,155,157,147,152,169,155,163,158,169,161,137,147
37,9491,2923,229,254,535,490,182,495,898,243,14840,9219,608,927,2970,62,103,254,184,517,984,472,14809,9,2731,604,348,160,482,141,281,97,85,183,946,216,140,0,8828,2519,299,183,164,493,865,14638,9218,609,924,2931,256,183,521,983,133,14815
38,8720,2918,237,246,544,468,189,499,913,249,8720,8653,603,900,2875,66,89,238,178,509,1031,456,8653,8828,2687,615,360,164,489,142,280,103,93,176,941,228,157,8828,0,2517,278,192,161,489,836,22,8624,604,895,2854,241,178,508,1036,128,8624
39,2562,2529,206,234,526,495,175,479,921,250,2562,2519,614,876,2425,58,100,224,167,490,987,468,2519,2519,2502,598,354,167,490,131,266,96,84,194,942,239,165,2519,2517,0,279,199,151,506,826,2517,2511,614,877,2441,223,168,496,983,133,2511
40,303,298,230,241,287,282,186,295,283,258,303,282,280,292,312,63,96,237,183,286,323,315,282,299,273,267,298,172,297,138,263,95,93,182,295,220,151,299,278,279,0,208,163,279,284,278,280,281,291,310,239,183,289,323,137,280
41,188,188,195,194,188,190,180,198,197,214,188,193,186,186,175,57,105,174,165,192,197,196,193,183,184,202,184,176,179,142,192,100,87,184,202,195,151,183,192,199,208,0,159,188,202,192,192,192,187,179,179,164,188,198,137,192
42,176,157,166,164,167,176,167,167,174,168,176,172,168,164,163,57,90,166,163,173,174,171,172,164,155,175,166,165,163,133,177,88,88,165,179,166,171,164,161,151,163,159,0,171,172,161,170,167,167,165,169,163,171,175,133,170
43,513,506,228,247,509,485,181,450,502,270,513,498,488,493,511,66,94,233,184,480,511,467,498,493,487,522,332,168,446,138,264,90,80,172,514,224,157,493,489,506,279,188,171,0,479,489,497,491,492,500,235,185,481,515,133,497
44,880,873,219,245,548,485,181,486,863,256,880,839,606,854,816,63,92,252,181,493,872,456,839,865,825,592,355,170,506,133,258,94,87,187,869,222,155,865,836,826,284,202,172,479,0,836,839,608,848,843,252,182,503,871,127,839
45,9383,2918,237,246,544,468,189,499,913,249,14508,9276,603,900,2875,66,89,238,178,509,1031,456,14337,9482,2687,615,360,164,489,142,280,103,93,176,941,228,157,14638,22,2517,278,192,161,489,836,0,9245,604,895,2854,241,178,508,1036,128,14280
46,9373,2921,225,246,521,499,174,501,882,247,9373,395,598,887,2897,61,103,232,184,516,989,451,409,9218,2667,601,346,172,497,131,264,96,89,178,959,223,147,9218,8624,2511,280,192,170,497,839,9245,0,595,892,2844,235,185,512,984,121,12
47,595,597,218,231,530,493,179,502,617,258,595,594,47,593,615,63,91,234,172,502,619,455,594,609,618,582,353,149,471,141,262,88,78,185,595,225,152,609,604,614,281,192,167,491,608,604,595,0,596,611,233,173,500,624,132,595
48,937,918,218,243,525,486,180,485,901,257,937,888,593,52,865,69,96,235,170,488,927,457,888,924,878,539,331,159,500,130,264,93,77,184,947,225,169,924,895,877,291,187,167,492,848,895,892,596,0,861,234,171,488,925,139,892
49,2883,2850,219,238,538,480,176,455,915,244,2883,2862,616,869,2596,59,96,237,182,495,1007,468,2862,2931,2718,584,344,170,487,131,267,95,81,177,954,221,155,2931,2854,2441,310,179,165,500,843,2854,2844,611,861,0,241,183,497,1007,133,2844
50,232,236,215,238,240,236,169,231,234,253,232,238,233,236,242,66,101,14,176,233,240,245,238,256,231,245,246,173,240,130,245,98,82,164,228,233,163,256,241,223,239,179,169,235,252,241,235,233,234,241,0,177,231,239,133,235
51,176,178,188,189,181,186,184,185,186,186,176,189,180,171,181,65,83,176,3,178,179,189,189,183,182,185,184,150,172,126,189,103,86,189,193,194,158,183,178,168,183,164,163,185,182,178,185,173,171,183,177,0,174,180,133,185
52,504,505,210,233,498,474,174,460,496,257,504,510,503,493,482,66,100,232,173,37,503,471,510,521,489,499,343,166,479,137,267,97,78,178,525,223,169,521,508,496,289,188,171,481,503,508,512,500,488,497,231,174,0,500,138,512
53,994,970,243,238,534,506,193,491,921,246,994,981,629,921,1003,64,100,243,180,506,48,475,981,983,1000,637,348,173,511,132,268,101,92,182,942,221,161,983,1036,983,323,198,175,515,871,1036,984,624,925,1007,239,180,500,0,139,984
54,124,136,127,133,138,125,134,118,128,136,124,122,128,141,137,64,110,130,132,139,141,6,122,133,139,140,132,129,127,136,137,98,82,136,141,128,137,133,128,133,137,137,133,133,127,128,121,132,139,133,133,133,138,139,0,121
55,9389,2921,225,246,521,499,174,501,882,247,15180,407,598,887,2897,61,103,232,184,516,989,451,1571,9216,2667,601,346,172,497,131,264,96,89,178,959,223,147,14815,8624,2511,280,192,170,497,839,14280,12,595,892,2844,235,185,512,984,121,0
